1 3 9 13 23 25 34 36 38 40 52 54 59 63 67 76 85 86 90 93 98 107 113:274:8 8 9 5 20 5 25 14 5 10 10 8 2 18 24 10 2 10 5 56 3 16 1
2 3 9 14 23 26 34 36 39 40 52 55 59 63 67 76 85 86 90 93 99 108 114:275:5 8 1 14 10 6 10 18 12 25 7 40 1 30 18 8 2 1 5 21 10 2 21
2 4 9 15 23 27 34 36 39 41 52 55 59 63 67 76 85 86 90 93 99 108 115:406:20 40 9 5 35 12 40 12 24 12 3 28 7 54 6 18 6 10 4 28 2 4 27
1 3 10 15 23 25 34 36 38 41 52 54 59 63 67 76 85 86 90 93 98 107 113:288:4 1 4 5 20 30 15 2 8 30 9 18 6 12 6 14 14 8 1 56 6 12 7
2 3 9 16 24 28 34 37 39 40 53 54 59 63 67 76 85 86 90 94 99 109 114:410:5 6 7 50 20 35 20 4 30 30 12 10 6 60 12 16 16 1 10 24 4 8 24
2 3 10 14 23 26 34 36 39 41 52 55 59 63 67 76 85 86 90 93 98 108 114:336:15 9 6 8 10 12 10 4 18 15 10 20 7 36 18 18 6 1 2 70 12 20 9
2 4 9 15 23 26 34 36 39 42 52 55 59 63 67 76 85 86 90 93 98 108 115:389:5 35 7 3 30 27 5 14 30 16 8 12 9 54 30 18 18 9 7 21 12 4 15
2 4 10 15 23 27 34 36 39 41 52 55 59 63 67 76 85 86 90 93 99 107 115:369:25 15 12 2 35 16 50 18 3 12 10 36 1 6 27 6 14 4 10 7 2 28 30
1 3 10 15 23 25 34 36 38 43 52 54 59 63 67 76 85 86 90 93 98 110 114:375:8 1 16 2 5 50 50 4 3 42 4 10 8 48 18 4 12 6 7 49 12 10 6
2 4 9 14 23 26 34 36 39 42 52 55 59 63 67 76 85 86 90 93 98 107 115:282:10 5 7 16 15 30 30 16 21 12 6 4 5 6 18 8 12 7 7 21 12 8 6
2 3 10 14 23 27 34 36 39 42 52 55 59 63 67 76 85 86 90 93 99 108 114:353:15 10 12 4 30 32 15 12 27 32 2 8 3 18 30 20 18 8 5 28 3 6 15
2 3 10 14 23 26 34 36 39 41 52 55 59 63 67 76 85 86 90 93 98 107 115:394:30 7 4 14 20 30 30 16 30 24 7 8 3 24 30 16 4 2 1 35 6 32 21
2 4 9 14 23 26 34 36 39 44 52 55 59 63 67 76 85 86 90 93 99 107 114:420:20 45 9 2 5 3 40 20 30 5 9 28 8 60 9 14 14 1 5 42 3 36 12
1 3 10 15 23 25 34 36 38 40 52 54 59 63 67 76 85 86 90 93 99 110 113:313:2 4 14 9 50 35 50 18 9 10 8 16 8 30 9 2 6 6 1 14 1 10 1
2 3 11 13 24 28 34 37 39 41 53 54 59 64 67 76 85 86 90 94 98 109 114:443:25 9 60 25 16 63 15 1 24 24 14 12 6 40 15 4 12 8 1 12 15 18 24
2 5 11 16 24 28 34 36 38 40 52 54 59 63 67 76 85 86 90 93 99 111 113:484:35 32 48 30 18 21 35 12 9 45 3 10 1 60 9 20 10 6 7 56 6 1 10
2 6 11 15 24 28 34 37 39 40 53 54 59 63 67 76 85 86 90 94 99 109 114:403:10 54 30 8 8 56 15 8 27 25 2 10 5 36 21 4 2 9 7 18 4 20 24
1 3 9 13 23 25 34 36 38 41 52 54 59 63 67 76 85 86 90 93 98 107 114:292:18 7 3 5 10 5 15 10 6 21 1 18 1 30 30 6 6 1 5 35 24 20 15
1 3 10 15 23 25 34 36 38 41 52 54 59 63 67 76 85 86 90 93 99 107 113:291:20 10 4 10 25 15 5 4 10 30 3 12 9 24 24 8 6 7 3 49 7 4 2
1 3 9 13 23 25 34 36 38 40 52 54 59 63 67 76 85 86 90 93 99 107 113:376:18 4 9 5 30 45 15 16 9 15 3 8 8 48 21 4 2 3 6 63 7 28 9
2 4 9 14 23 26 34 36 39 40 52 55 59 63 67 76 85 86 90 93 99 107 115:369:45 10 9 20 20 6 25 4 6 20 9 12 4 36 27 14 8 8 5 35 6 16 24
1 3 10 13 23 25 34 36 38 41 52 54 59 63 67 76 85 86 90 93 99 110 114:312:12 7 8 5 25 5 40 18 7 30 4 2 3 42 24 2 10 8 4 7 9 25 15
2 4 10 14 23 27 34 36 39 40 52 55 59 63 67 76 85 86 90 93 99 107 115:445:35 25 8 10 20 24 35 12 27 20 10 4 10 60 30 4 10 10 1 21 9 36 24
2 4 10 15 23 26 34 36 39 44 52 55 59 63 67 76 85 86 90 93 99 108 115:357:35 50 6 2 10 21 30 6 21 8 5 4 3 36 21 12 18 10 9 28 3 16 3
2 4 9 15 23 27 34 36 39 42 52 55 59 63 67 76 85 86 90 93 98 107 115:405:40 25 8 1 40 12 35 6 30 28 1 8 8 12 21 12 10 6 6 42 30 12 12
1 6 9 15 23 25 34 36 38 41 52 54 59 63 67 76 85 86 90 93 99 110 114:374:14 48 9 4 40 40 15 6 6 18 3 14 2 30 21 2 14 7 4 28 8 20 21
2 3 10 14 23 26 34 36 39 41 52 55 59 63 67 76 85 86 90 93 99 108 115:397:45 6 20 16 20 3 20 12 21 27 6 36 7 18 30 4 2 9 2 49 8 6 30
2 3 10 15 23 27 34 36 39 44 52 55 59 63 67 76 85 86 90 93 99 108 115:398:40 6 4 8 5 28 15 18 24 3 7 28 9 36 21 6 8 9 10 63 6 14 30
2 6 11 13 24 28 34 36 38 40 52 54 59 63 67 76 85 86 90 93 98 111 113:441:5 54 12 40 10 35 25 2 3 45 9 2 2 36 18 18 6 6 2 70 27 10 4
2 3 9 14 23 26 34 37 38 41 53 56 59 63 67 76 85 86 90 93 99 110 116:461:30 5 6 14 10 27 10 9 2 21 20 60 5 36 3 10 12 8 1 56 4 40 72
2 4 9 14 23 27 34 36 39 42 52 55 59 63 67 76 85 86 90 93 99 108 115:409:30 5 9 4 45 32 25 18 15 8 8 40 9 18 21 14 18 5 4 28 9 20 24
1 3 10 15 23 25 34 36 38 40 52 54 59 63 67 76 85 86 90 93 99 107 113:305:10 8 8 3 25 25 10 14 8 10 7 18 1 42 3 10 20 3 4 49 6 16 5
2 3 10 14 23 27 34 36 39 41 52 55 59 63 67 76 85 86 90 93 99 108 115:289:5 2 4 6 25 40 10 18 6 3 2 32 3 18 9 12 4 6 6 56 4 6 12
2 3 10 13 23 27 34 36 39 43 52 57 59 65 67 76 85 86 90 93 99 111 117:391:5 4 10 25 30 24 10 14 12 56 10 14 9 40 6 2 16 5 9 28 4 8 50
2 4 10 14 23 27 34 36 39 41 52 55 59 63 67 76 85 86 90 93 99 107 115:415:5 30 8 14 40 24 50 14 24 15 6 8 2 36 18 20 20 4 2 35 10 12 18
2 3 11 14 23 27 34 37 38 44 53 56 59 63 67 76 85 86 90 93 99 110 116:432:5 9 54 12 35 28 30 7 3 8 18 48 1 18 15 6 12 5 4 14 6 30 64
2 5 11 16 24 28 34 36 38 40 52 54 59 63 67 76 85 86 90 93 98 110 113:329:5 12 36 5 12 28 5 10 7 5 1 16 2 60 27 10 12 4 8 14 27 20 3
1 3 10 13 23 25 34 36 38 44 52 54 59 63 67 76 85 86 90 93 99 107 113:392:2 9 6 35 45 30 5 2 8 8 7 14 10 60 24 12 20 5 4 49 9 24 4
2 3 11 14 23 26 34 37 38 43 53 56 59 63 67 76 85 86 90 93 99 110 116:421:50 1 36 2 15 9 20 6 4 56 20 6 4 6 27 14 6 1 7 21 9 45 56
2 4 9 14 23 27 34 36 39 40 52 55 59 63 67 76 85 86 90 93 98 107 115:358:5 20 10 16 15 12 30 20 15 15 2 20 1 24 3 16 4 7 5 28 30 36 24
2 4 10 14 23 26 34 36 39 41 52 55 59 63 67 76 85 86 90 93 99 107 114:431:30 10 18 8 50 30 25 12 15 6 7 20 8 54 12 18 18 8 10 35 5 8 24
2 3 10 14 23 27 34 36 39 41 52 57 59 65 67 76 85 86 90 93 98 111 117:330:5 5 6 14 45 4 25 16 15 18 5 10 1 15 24 20 8 7 3 21 18 5 40
2 3 11 13 24 28 34 36 38 42 52 54 59 63 67 76 85 86 90 93 98 111 113:434:15 3 42 45 18 56 50 6 3 40 8 14 4 60 3 14 12 4 2 14 3 10 8
1 3 10 15 23 25 34 36 38 43 52 54 59 63 67 76 85 86 90 93 99 110 114:315:20 10 8 4 25 10 15 18 4 56 10 6 3 6 3 4 18 5 2 21 3 40 24
2 3 9 14 23 26 34 36 39 44 52 55 59 63 67 76 85 86 90 93 98 108 115:368:10 1 4 12 35 18 15 18 21 2 4 24 5 60 12 12 8 3 10 70 3 18 3
2 3 10 15 23 26 34 36 39 41 52 55 59 63 67 76 85 86 90 93 99 108 114:294:30 3 2 5 10 21 20 8 27 30 6 8 4 24 24 2 16 4 2 7 5 18 18
2 3 10 14 23 27 34 36 39 40 52 55 59 63 67 76 85 86 90 93 98 107 115:430:45 7 12 8 50 8 50 14 27 45 3 8 4 6 30 16 14 5 3 42 3 24 6
2 3 9 15 23 27 34 36 39 44 52 55 59 63 67 76 85 86 90 93 99 108 115:229:10 5 8 7 5 4 40 2 12 7 6 8 4 24 3 4 18 3 10 42 2 2 3
2 3 10 14 23 27 34 36 39 41 52 57 59 65 67 76 85 86 90 93 99 107 117:438:5 10 14 6 50 24 25 12 18 30 4 20 10 40 9 8 12 8 9 70 4 20 30
2 6 10 14 23 27 34 36 39 44 52 57 59 65 67 76 85 86 90 93 98 107 117:331:15 24 20 20 5 16 40 8 9 5 6 4 1 25 30 2 16 7 1 42 18 12 5
